0.008793772404647043,1.0
0.008793772404647043,1.0
0.008793772404647043,1.0
0.008793772404647043,1.0

0.0051872132032222875,1.0
0.0051872132032222875,1.0
0.0051872132032222875,1.0
0.0051872132032222875,1.0

-0.01347225128551389,1.0
-0.01347225128551389,1.0
-0.01347225128551389,1.0
-0.01347225128551389,1.0

0.003697864386489956,1.0
0.003697864386489956,1.0
0.003697864386489956,1.0
0.003697864386489956,1.0

0.013873612369007908,1.0
0.013873612369007908,1.0
0.013873612369007908,1.0
0.013873612369007908,1.0

0.013582480421706993,1.0
0.013582480421706993,1.0
0.013582480421706993,1.0
0.013582480421706993,1.0

0.01780986036837806,1.0
0.01780986036837806,1.0
0.01780986036837806,1.0
0.01780986036837806,1.0

0.0039826784412099695,1.0
0.0039826784412099695,1.0
0.0039826784412099695,1.0
0.0039826784412099695,1.0

0.014782480246251712,1.0
0.014782480246251712,1.0
0.014782480246251712,1.0
0.014782480246251712,1.0

0.01598426418847289,1.0
0.01598426418847289,1.0
0.01598426418847289,1.0
0.01598426418847289,1.0

0.02110937337636255,1.0
0.02110937337636255,1.0
0.02110937337636255,1.0
0.02110937337636255,1.0

0.01206489639950346,1.0
0.01206489639950346,1.0
0.01206489639950346,1.0
0.01206489639950346,1.0

0.01758150061584248,1.0
0.01758150061584248,1.0
0.01758150061584248,1.0
0.01758150061584248,1.0

0.003794857740826098,1.0
0.003794857740826098,1.0
0.003794857740826098,1.0
0.003794857740826098,1.0

0.008401145546244177,1.0
0.008401145546244177,1.0
0.008401145546244177,1.0
0.008401145546244177,1.0

-0.006056924239056161,1.0
-0.006056924239056161,1.0
-0.006056924239056161,1.0
-0.006056924239056161,1.0

-5.434307554382069E-4,1.0
-5.434307554382069E-4,1.0
-5.434307554382069E-4,1.0
-5.434307554382069E-4,1.0

-0.006274898570448191,1.0
-0.006274898570448191,1.0
-0.006274898570448191,1.0
-0.006274898570448191,1.0

-0.010232327040193724,1.0
-0.010232327040193724,1.0
-0.010232327040193724,1.0
-0.010232327040193724,1.0

-0.02518781740127512,1.0
-0.02518781740127512,1.0
-0.02518781740127512,1.0
-0.02518781740127512,1.0

-0.029405761289321312,1.0
-0.029405761289321312,1.0
-0.029405761289321312,1.0
-0.029405761289321312,1.0

-0.03986827282404883,1.0
-0.03986827282404883,1.0
-0.03986827282404883,1.0
-0.03986827282404883,1.0

-0.04560464947444036,1.0
-0.04560464947444036,1.0
-0.04560464947444036,1.0
-0.04560464947444036,1.0

-0.03723618439986403,1.0
-0.03723618439986403,1.0
-0.03723618439986403,1.0
-0.03723618439986403,1.0

-0.051751068490870036,1.0
-0.051751068490870036,1.0
-0.051751068490870036,1.0
-0.051751068490870036,1.0

-0.06520670310054541,1.0
-0.06520670310054541,1.0
-0.06520670310054541,1.0
-0.06520670310054541,1.0

-0.06294384764239701,1.0
-0.06294384764239701,1.0
-0.06294384764239701,1.0
-0.06294384764239701,1.0

-0.06672792342294241,1.0
-0.06672792342294241,1.0
-0.06672792342294241,1.0
-0.06672792342294241,1.0

-0.06470910342165001,1.0
-0.06470910342165001,1.0
-0.06470910342165001,1.0
-0.06470910342165001,1.0

-0.07026149364245367,1.0
-0.07026149364245367,1.0
-0.07026149364245367,1.0
-0.07026149364245367,1.0

-0.09155061894010243,1.0
-0.09155061894010243,1.0
-0.09155061894010243,1.0
-0.09155061894010243,1.0

-0.10045077960735747,1.0
-0.10045077960735747,1.0
-0.10045077960735747,1.0
-0.10045077960735747,1.0

-0.09666319446840765,1.0
-0.09666319446840765,1.0
-0.09666319446840765,1.0
-0.09666319446840765,1.0

-0.08965221526290802,1.0
-0.08965221526290802,1.0
-0.08965221526290802,1.0
-0.08965221526290802,1.0

-0.09703948451130463,1.0
-0.09703948451130463,1.0
-0.09703948451130463,1.0
-0.09703948451130463,1.0

-0.10323880411287578,1.0
-0.10323880411287578,1.0
-0.10323880411287578,1.0
-0.10323880411287578,1.0

-0.11446463772298641,1.0
-0.11446463772298641,1.0
-0.11446463772298641,1.0
-0.11446463772298641,1.0

-0.1291640014080372,1.0
-0.1291640014080372,1.0
-0.1291640014080372,1.0
-0.1291640014080372,1.0

-0.13379985244953269,1.0
-0.13379985244953269,1.0
-0.13379985244953269,1.0
-0.13379985244953269,1.0

-0.12511529034280244,1.0
-0.12511529034280244,1.0
-0.12511529034280244,1.0
-0.12511529034280244,1.0

-0.12054877106117305,1.0
-0.12054877106117305,1.0
-0.12054877106117305,1.0
-0.12054877106117305,1.0

-0.1146861310911378,1.0
-0.1146861310911378,1.0
-0.1146861310911378,1.0
-0.1146861310911378,1.0

-0.12371625946590602,1.0
-0.12371625946590602,1.0
-0.12371625946590602,1.0
-0.12371625946590602,1.0

-0.13268050130805617,1.0
-0.13268050130805617,1.0
-0.13268050130805617,1.0
-0.13268050130805617,1.0

-0.13973286205970262,1.0
-0.13973286205970262,1.0
-0.13973286205970262,1.0
-0.13973286205970262,1.0

-0.1372516892436337,1.0
-0.1372516892436337,1.0
-0.1372516892436337,1.0
-0.1372516892436337,1.0

-0.1375584851824452,1.0
-0.1375584851824452,1.0
-0.1375584851824452,1.0
-0.1375584851824452,1.0

-0.1267201054520315,1.0
-0.1267201054520315,1.0
-0.1267201054520315,1.0
-0.1267201054520315,1.0

-0.11572100798223227,1.0
-0.11572100798223227,1.0
-0.11572100798223227,1.0
-0.11572100798223227,1.0

-0.12854430796105856,1.0
-0.12854430796105856,1.0
-0.12854430796105856,1.0
-0.12854430796105856,1.0

-0.12383901023046837,1.0
-0.12383901023046837,1.0
-0.12383901023046837,1.0
-0.12383901023046837,1.0

-0.10509299759069964,1.0
-0.10509299759069964,1.0
-0.10509299759069964,1.0
-0.10509299759069964,1.0

-0.109850261589288,1.0
-0.109850261589288,1.0
-0.109850261589288,1.0
-0.109850261589288,1.0

-0.11244069052266056,1.0
-0.11244069052266056,1.0
-0.11244069052266056,1.0
-0.11244069052266056,1.0

-0.10577527589234502,1.0
-0.10577527589234502,1.0
-0.10577527589234502,1.0
-0.10577527589234502,1.0

-0.10218797357521942,1.0
-0.10218797357521942,1.0
-0.10218797357521942,1.0
-0.10218797357521942,1.0

-0.08179060961207907,1.0
-0.08179060961207907,1.0
-0.08179060961207907,1.0
-0.08179060961207907,1.0

-0.07958572365995208,1.0
-0.07958572365995208,1.0
-0.07958572365995208,1.0
-0.07958572365995208,1.0

-0.08072185654547923,1.0
-0.08072185654547923,1.0
-0.08072185654547923,1.0
-0.08072185654547923,1.0

-0.09900396928702018,1.0
-0.09900396928702018,1.0
-0.09900396928702018,1.0
-0.09900396928702018,1.0

-0.09982638291730417,1.0
-0.09982638291730417,1.0
-0.09982638291730417,1.0
-0.09982638291730417,1.0

-0.09765340279434317,1.0
-0.09765340279434317,1.0
-0.09765340279434317,1.0
-0.09765340279434317,1.0

-0.10276958469638668,1.0
-0.10276958469638668,1.0
-0.10276958469638668,1.0
-0.10276958469638668,1.0

-0.09819122128613113,1.0
-0.09819122128613113,1.0
-0.09819122128613113,1.0
-0.09819122128613113,1.0

-0.10218218397771292,1.0
-0.10218218397771292,1.0
-0.10218218397771292,1.0
-0.10218218397771292,1.0

-0.09896138716240445,1.0
-0.09896138716240445,1.0
-0.09896138716240445,1.0
-0.09896138716240445,1.0

-0.1111576623759473,1.0
-0.1111576623759473,1.0
-0.1111576623759473,1.0
-0.1111576623759473,1.0

-0.11012361458391245,1.0
-0.11012361458391245,1.0
-0.11012361458391245,1.0
-0.11012361458391245,1.0

-0.12365478681683623,1.0
-0.12365478681683623,1.0
-0.12365478681683623,1.0
-0.12365478681683623,1.0

-0.13786999182377252,1.0
-0.13786999182377252,1.0
-0.13786999182377252,1.0
-0.13786999182377252,1.0

-0.12395724826458551,1.0
-0.12395724826458551,1.0
-0.12395724826458551,1.0
-0.12395724826458551,1.0

-0.13012876548417848,1.0
-0.13012876548417848,1.0
-0.13012876548417848,1.0
-0.13012876548417848,1.0

-0.13619401027358702,1.0
-0.13619401027358702,1.0
-0.13619401027358702,1.0
-0.13619401027358702,1.0

-0.14853932666741915,1.0
-0.14853932666741915,1.0
-0.14853932666741915,1.0
-0.14853932666741915,1.0

-0.15924410326311347,1.0
-0.15924410326311347,1.0
-0.15924410326311347,1.0
-0.15924410326311347,1.0

-0.13704095933924448,1.0
-0.13704095933924448,1.0
-0.13704095933924448,1.0
-0.13704095933924448,1.0

-0.1364484133614307,1.0
-0.1364484133614307,1.0
-0.1364484133614307,1.0
-0.1364484133614307,1.0

-0.1398438289387959,1.0
-0.1398438289387959,1.0
-0.1398438289387959,1.0
-0.1398438289387959,1.0

-0.1272935216514862,1.0
-0.1272935216514862,1.0
-0.1272935216514862,1.0
-0.1272935216514862,1.0

-0.1300189623502152,1.0
-0.1300189623502152,1.0
-0.1300189623502152,1.0
-0.1300189623502152,1.0

-0.12834730480785514,1.0
-0.12834730480785514,1.0
-0.12834730480785514,1.0
-0.12834730480785514,1.0

-0.13302361945198168,1.0
-0.13302361945198168,1.0
-0.13302361945198168,1.0
-0.13302361945198168,1.0

-0.12162300654086391,1.0
-0.12162300654086391,1.0
-0.12162300654086391,1.0
-0.12162300654086391,1.0

-0.13173567915363465,1.0
-0.13173567915363465,1.0
-0.13173567915363465,1.0
-0.13173567915363465,1.0

-0.12202107378495965,1.0
-0.12202107378495965,1.0
-0.12202107378495965,1.0
-0.12202107378495965,1.0

-0.12427626543638438,1.0
-0.12427626543638438,1.0
-0.12427626543638438,1.0
-0.12427626543638438,1.0

-0.13772455727398134,1.0
-0.13772455727398134,1.0
-0.13772455727398134,1.0
-0.13772455727398134,1.0

-0.14036075033916928,1.0
-0.14036075033916928,1.0
-0.14036075033916928,1.0
-0.14036075033916928,1.0

-0.12489938943006038,1.0
-0.12489938943006038,1.0
-0.12489938943006038,1.0
-0.12489938943006038,1.0

-0.1357234361345623,1.0
-0.1357234361345623,1.0
-0.1357234361345623,1.0
-0.1357234361345623,1.0

-0.13955182270404853,1.0
-0.13955182270404853,1.0
-0.13955182270404853,1.0
-0.13955182270404853,1.0

-0.14433682537274933,1.0
-0.14433682537274933,1.0
-0.14433682537274933,1.0
-0.14433682537274933,1.0

-0.1414330537379583,1.0
-0.1414330537379583,1.0
-0.1414330537379583,1.0
-0.1414330537379583,1.0

-0.13195707896367334,1.0
-0.13195707896367334,1.0
-0.13195707896367334,1.0
-0.13195707896367334,1.0

-0.12326344894229986,1.0
-0.12326344894229986,1.0
-0.12326344894229986,1.0
-0.12326344894229986,1.0

-0.12551244408070944,1.0
-0.12551244408070944,1.0
-0.12551244408070944,1.0
-0.12551244408070944,1.0

-0.1290553210854881,1.0
-0.1290553210854881,1.0
-0.1290553210854881,1.0
-0.1290553210854881,1.0

-0.14127217142184054,1.0
-0.14127217142184054,1.0
-0.14127217142184054,1.0
-0.14127217142184054,1.0

-0.15902171164091364,1.0
-0.15902171164091364,1.0
-0.15902171164091364,1.0
-0.15902171164091364,1.0

-0.16189841332314953,1.0
-0.16189841332314953,1.0
-0.16189841332314953,1.0
-0.16189841332314953,1.0

-0.17881182983519178,1.0
-0.17881182983519178,1.0
-0.17881182983519178,1.0
-0.17881182983519178,1.0

-0.17431958530149677,1.0
-0.17431958530149677,1.0
-0.17431958530149677,1.0
-0.17431958530149677,1.0

-0.1739543506148524,1.0
-0.1739543506148524,1.0
-0.1739543506148524,1.0
-0.1739543506148524,1.0

-0.1825572419023988,1.0
-0.1825572419023988,1.0
-0.1825572419023988,1.0
-0.1825572419023988,1.0

-0.18251732870502876,1.0
-0.18251732870502876,1.0
-0.18251732870502876,1.0
-0.18251732870502876,1.0

-0.17237071514961072,1.0
-0.17237071514961072,1.0
-0.17237071514961072,1.0
-0.17237071514961072,1.0

-0.1847567679661365,1.0
-0.1847567679661365,1.0
-0.1847567679661365,1.0
-0.1847567679661365,1.0

-0.17473012654675826,1.0
-0.17473012654675826,1.0
-0.17473012654675826,1.0
-0.17473012654675826,1.0

-0.17368840794681253,1.0
-0.17368840794681253,1.0
-0.17368840794681253,1.0
-0.17368840794681253,1.0

-0.15691355007122812,1.0
-0.15691355007122812,1.0
-0.15691355007122812,1.0
-0.15691355007122812,1.0

-0.15901497589628208,1.0
-0.15901497589628208,1.0
-0.15901497589628208,1.0
-0.15901497589628208,1.0

-0.1723469649709042,1.0
-0.1723469649709042,1.0
-0.1723469649709042,1.0
-0.1723469649709042,1.0

-0.1893273951390651,1.0
-0.1893273951390651,1.0
-0.1893273951390651,1.0
-0.1893273951390651,1.0

-0.1751342551337237,1.0
-0.1751342551337237,1.0
-0.1751342551337237,1.0
-0.1751342551337237,1.0

-0.17980050677612325,1.0
-0.17980050677612325,1.0
-0.17980050677612325,1.0
-0.17980050677612325,1.0

-0.1834796650391141,1.0
-0.1834796650391141,1.0
-0.1834796650391141,1.0
-0.1834796650391141,1.0

-0.18789160250654957,1.0
-0.18789160250654957,1.0
-0.18789160250654957,1.0
-0.18789160250654957,1.0

-0.20253831085938284,1.0
-0.20253831085938284,1.0
-0.20253831085938284,1.0
-0.20253831085938284,1.0

-0.21056853634300599,1.0
-0.21056853634300599,1.0
-0.21056853634300599,1.0
-0.21056853634300599,1.0

-0.21552887002831714,1.0
-0.21552887002831714,1.0
-0.21552887002831714,1.0
-0.21552887002831714,1.0

-0.21004042519997185,1.0
-0.21004042519997185,1.0
-0.21004042519997185,1.0
-0.21004042519997185,1.0

-0.2301346415033166,1.0
-0.2301346415033166,1.0
-0.2301346415033166,1.0
-0.2301346415033166,1.0

-0.2291467579400109,1.0
-0.2291467579400109,1.0
-0.2291467579400109,1.0
-0.2291467579400109,1.0

-0.24380449217148814,1.0
-0.24380449217148814,1.0
-0.24380449217148814,1.0
-0.24380449217148814,1.0

-0.23917537533704267,1.0
-0.23917537533704267,1.0
-0.23917537533704267,1.0
-0.23917537533704267,1.0

-0.2378808851770236,1.0
-0.2378808851770236,1.0
-0.2378808851770236,1.0
-0.2378808851770236,1.0

-0.24297512228528037,1.0
-0.24297512228528037,1.0
-0.24297512228528037,1.0
-0.24297512228528037,1.0

-0.23131894856736002,1.0
-0.23131894856736002,1.0
-0.23131894856736002,1.0
-0.23131894856736002,1.0

-0.21756943875689103,1.0
-0.21756943875689103,1.0
-0.21756943875689103,1.0
-0.21756943875689103,1.0

-0.2292672841018203,1.0
-0.2292672841018203,1.0
-0.2292672841018203,1.0
-0.2292672841018203,1.0

-0.2256196011925608,1.0
-0.2256196011925608,1.0
-0.2256196011925608,1.0
-0.2256196011925608,1.0

-0.23688070981842563,1.0
-0.23688070981842563,1.0
-0.23688070981842563,1.0
-0.23688070981842563,1.0

-0.2398523921908563,1.0
-0.2398523921908563,1.0
-0.2398523921908563,1.0
-0.2398523921908563,1.0

-0.22808861057463853,1.0
-0.22808861057463853,1.0
-0.22808861057463853,1.0
-0.22808861057463853,1.0

-0.22555604985950892,1.0
-0.22555604985950892,1.0
-0.22555604985950892,1.0
-0.22555604985950892,1.0

-0.20436907336863436,1.0
-0.20436907336863436,1.0
-0.20436907336863436,1.0
-0.20436907336863436,1.0

-0.21892835351781223,1.0
-0.21892835351781223,1.0
-0.21892835351781223,1.0
-0.21892835351781223,1.0

-0.21467337105265727,1.0
-0.21467337105265727,1.0
-0.21467337105265727,1.0
-0.21467337105265727,1.0

-0.23496486632129998,1.0
-0.23496486632129998,1.0
-0.23496486632129998,1.0
-0.23496486632129998,1.0

-0.007399196484498729,27.900000000000002
-0.007399196484498729,29.46
-0.007399196484498729,26.19
-0.007399196484498729,30.44

-0.013407439784322423,25.37
-0.013407439784322423,26.54
-0.013407439784322423,27.740000000000002
-0.013407439784322423,21.98

-0.007145001776676511,27.48
-0.007145001776676511,26.21
-0.007145001776676511,26.13
-0.007145001776676511,30.01

0.012421597473310222,27.75
0.012421597473310222,30.1
0.012421597473310222,27.38
0.012421597473310222,27.28

0.018102301471468272,26.11
0.018102301471468272,27.98
0.018102301471468272,29.26
0.018102301471468272,26.21

0.010442480510788044,27.02
0.010442480510788044,21.54
0.010442480510788044,27.5
0.010442480510788044,24.52

0.017448056389093303,27.36
0.017448056389093303,27.05
0.017448056389093303,25.8
0.017448056389093303,26.09

0.020851415039296557,27.62
0.020851415039296557,24.02
0.020851415039296557,28.7
0.020851415039296557,28.810000000000002

0.03876202755321058,30.34
0.03876202755321058,24.07
0.03876202755321058,25.26
0.03876202755321058,24.82

0.031852912100464995,25.76
0.031852912100464995,27.240000000000002
0.031852912100464995,32.269999999999996
0.031852912100464995,28.23

0.04149619937973523,27.6
0.04149619937973523,23.54
0.04149619937973523,24.81
0.04149619937973523,28.990000000000002

0.037313366248876885,21.79
0.037313366248876885,26.150000000000002
0.037313366248876885,32.14
0.037313366248876885,28.39

0.0437714956455417,25.45
0.0437714956455417,29.28
0.0437714956455417,30.38
0.0437714956455417,28.39

0.046950784821383235,25.580000000000002
0.046950784821383235,22.18
0.046950784821383235,28.36
0.046950784821383235,28.39

0.058710219561914155,25.61
0.058710219561914155,23.81
0.058710219561914155,27.11
0.058710219561914155,24.38

0.049730365805293275,22.6
0.049730365805293275,29.05
0.049730365805293275,24.63
0.049730365805293275,27.62

0.04430088121199039,25.46
0.04430088121199039,28.66
0.04430088121199039,25.96
0.04430088121199039,24.11

0.048542194867217406,28.26
0.048542194867217406,27.650000000000002
0.048542194867217406,25.97
0.048542194867217406,26.11

0.04012510880961609,24.22
0.04012510880961609,22.19
0.04012510880961609,23.71
0.04012510880961609,25.32

0.044621298256331,26.62
0.044621298256331,27.94
0.044621298256331,28.79
0.044621298256331,28.91

0.039041845764069286,29.23
0.039041845764069286,28.2
0.039041845764069286,25.54
0.039041845764069286,28.07

0.029992835313985486,26.7
0.029992835313985486,25.080000000000002
0.029992835313985486,29.92
0.029992835313985486,26.62

0.009048774505509108,29.47
0.009048774505509108,27.16
0.009048774505509108,28.77
0.009048774505509108,30.48

0.0017160996543583466,25.94
0.0017160996543583466,25.7
0.0017160996543583466,27.7
0.0017160996543583466,26.96

0.011050629724083494,24.01
0.011050629724083494,27.740000000000002
0.011050629724083494,25.8
0.011050629724083494,27.93

8.302066964245743E-7,24.21
8.302066964245743E-7,24.05
8.302066964245743E-7,29.22
8.302066964245743E-7,27.26

0.007772403273214627,27.07
0.007772403273214627,28.03
0.007772403273214627,28.12
0.007772403273214627,27.07

0.008672899121457116,27.51
0.008672899121457116,24.67
0.008672899121457116,25.29
0.008672899121457116,25.7

8.354324656414999E-4,23.55
8.354324656414999E-4,25.12
8.354324656414999E-4,28.21
8.354324656414999E-4,29.29

0.01952924293121632,26.79
0.01952924293121632,23.71
0.01952924293121632,24.77
0.01952924293121632,27.73

0.004094487065964918,26.79
0.004094487065964918,25.3
0.004094487065964918,24.490000000000002
0.004094487065964918,26.47

-0.0027854140964046316,24.490000000000002
-0.0027854140964046316,27.04
-0.0027854140964046316,23.07
-0.0027854140964046316,24.34

6.537395599235897E-4,24.62
6.537395599235897E-4,24.29
6.537395599235897E-4,33.06
6.537395599235897E-4,25.94

-0.0031734305563125703,22.95
-0.0031734305563125703,23.2
-0.0031734305563125703,27.27
-0.0031734305563125703,26.7

0.005397608055851802,22.03
0.005397608055851802,22.61
0.005397608055851802,27.92
0.005397608055851802,26.71

0.012403362573980989,27.0
0.012403362573980989,26.32
0.012403362573980989,25.400000000000002
0.012403362573980989,25.42

0.002920756389177256,30.04
0.002920756389177256,31.41
0.002920756389177256,27.51
0.002920756389177256,24.400000000000002

-0.010262292324099547,24.82
-0.010262292324099547,28.3
-0.010262292324099547,25.66
-0.010262292324099547,24.400000000000002

-0.024251368301493333,25.900000000000002
-0.024251368301493333,28.3
-0.024251368301493333,28.95
-0.024251368301493333,29.240000000000002

-0.04031899813162492,24.64
-0.04031899813162492,24.97
-0.04031899813162492,28.72
-0.04031899813162492,26.67

-0.04879659710180259,24.47
-0.04879659710180259,27.61
-0.04879659710180259,25.41
-0.04879659710180259,23.82

-0.05111350484848304,31.04
-0.05111350484848304,27.14
-0.05111350484848304,26.19
-0.05111350484848304,21.21

-0.03712158824922506,27.830000000000002
-0.03712158824922506,23.09
-0.03712158824922506,27.72
-0.03712158824922506,26.330000000000002

-0.028820491398903716,25.310000000000002
-0.028820491398903716,26.84
-0.028820491398903716,26.38
-0.028820491398903716,27.44

-0.04794608078008992,27.79
-0.04794608078008992,26.29
-0.04794608078008992,22.86
-0.04794608078008992,22.84

-0.04771936444070208,27.79
-0.04771936444070208,26.29
-0.04771936444070208,22.12
-0.04771936444070208,28.080000000000002

-0.06623281204895279,21.96
-0.06623281204895279,25.34
-0.06623281204895279,23.45
-0.06623281204895279,26.64

-0.08350307506704933,26.96
-0.08350307506704933,21.650000000000002
-0.08350307506704933,23.94
-0.08350307506704933,27.330000000000002

-0.08620886593195548,29.36
-0.08620886593195548,23.09
-0.08620886593195548,27.75
-0.08620886593195548,25.17

-0.09064701436250772,31.990000000000002
-0.09064701436250772,23.28
-0.09064701436250772,25.16
-0.09064701436250772,25.76

-0.07817222700734189,24.54
-0.07817222700734189,27.5
-0.07817222700734189,28.43
-0.07817222700734189,29.18

-0.07948487480624708,25.02
-0.07948487480624708,26.35
-0.07948487480624708,21.900000000000002
-0.07948487480624708,22.240000000000002

-0.07839592181099421,27.53
-0.07839592181099421,26.35
-0.07839592181099421,27.810000000000002
-0.07839592181099421,28.96

-0.06757421253351299,26.580000000000002
-0.06757421253351299,25.82
-0.06757421253351299,27.86
-0.06757421253351299,24.59

-0.052629544990245705,25.080000000000002
-0.052629544990245705,22.37
-0.052629544990245705,24.89
-0.052629544990245705,24.19

-0.04663628573475153,26.39
-0.04663628573475153,27.8
-0.04663628573475153,21.64
-0.04663628573475153,26.92

-0.04140169351001703,24.13
-0.04140169351001703,32.33
-0.04140169351001703,27.2
-0.04140169351001703,28.830000000000002

-0.03633414765802594,29.5
-0.03633414765802594,32.33
-0.03633414765802594,25.22
-0.03633414765802594,30.0

-0.024580527358016812,23.39
-0.024580527358016812,32.33
-0.024580527358016812,24.35
-0.024580527358016812,27.25

-0.034665136334180106,24.1
-0.034665136334180106,32.400000000000006
-0.034665136334180106,26.88
-0.034665136334180106,32.3

-0.037858783824914324,27.78
-0.037858783824914324,29.41
-0.037858783824914324,26.85
-0.037858783824914324,27.87

-0.029754634871653467,27.97
-0.029754634871653467,27.54
-0.029754634871653467,25.39
-0.029754634871653467,25.43

-0.038728772801249915,29.67
-0.038728772801249915,28.75
-0.038728772801249915,24.57
-0.038728772801249915,26.55

-0.04836826605363373,29.67
-0.04836826605363373,33.42
-0.04836826605363373,27.45
-0.04836826605363373,27.43

-0.04657308735457495,27.95
-0.04657308735457495,28.92
-0.04657308735457495,35.96
-0.04657308735457495,27.43

-0.04722416426761681,28.16
-0.04722416426761681,29.38
-0.04722416426761681,28.04
-0.04722416426761681,21.18

-0.04611883172924008,28.17
-0.04611883172924008,29.38
-0.04611883172924008,23.81
-0.04611883172924008,23.150000000000002

-0.03957209292693669,25.79
-0.03957209292693669,24.150000000000002
-0.03957209292693669,27.63
-0.03957209292693669,22.18

-0.0349372902082193,29.77
-0.0349372902082193,25.21
-0.0349372902082193,27.63
-0.0349372902082193,26.77

-0.038166710284161985,25.98
-0.038166710284161985,24.41
-0.038166710284161985,27.5
-0.038166710284161985,25.82

-0.035011495774401144,24.56
-0.035011495774401144,20.990000000000002
-0.035011495774401144,27.5
-0.035011495774401144,27.6

-0.05032163618219125,26.42
-0.05032163618219125,28.54
-0.05032163618219125,27.07
-0.05032163618219125,26.3

-0.031680351898428785,30.22
-0.031680351898428785,21.3
-0.031680351898428785,27.150000000000002
-0.031680351898428785,31.36

-0.035567728165106303,26.43
-0.035567728165106303,27.650000000000002
-0.035567728165106303,27.150000000000002
-0.035567728165106303,25.96

-0.02651654567621798,26.92
-0.02651654567621798,26.1
-0.02651654567621798,27.3
-0.02651654567621798,27.64

-0.040009575397405205,30.59
-0.040009575397405205,26.57
-0.040009575397405205,22.45
-0.040009575397405205,24.37

-0.029498885357801836,24.240000000000002
-0.029498885357801836,26.18
-0.029498885357801836,28.52
-0.029498885357801836,28.07

-0.033750247301519445,28.490000000000002
-0.033750247301519445,25.400000000000002
-0.033750247301519445,29.810000000000002
-0.033750247301519445,22.830000000000002

-0.041538543529928994,27.85
-0.041538543529928994,25.35
-0.041538543529928994,24.19
-0.041538543529928994,27.05

-0.03405790328629635,27.35
-0.03405790328629635,23.240000000000002
-0.03405790328629635,24.150000000000002
-0.03405790328629635,24.77

-0.0282201973335128,30.67
-0.0282201973335128,22.93
-0.0282201973335128,28.14
-0.0282201973335128,26.3

-0.02199759832009882,30.48
-0.02199759832009882,28.35
-0.02199759832009882,26.01
-0.02199759832009882,29.1

-0.02017481569985,29.71
-0.02017481569985,28.36
-0.02017481569985,23.32
-0.02017481569985,23.8

-0.021223769206931926,23.94
-0.021223769206931926,25.12
-0.021223769206931926,22.76
-0.021223769206931926,26.650000000000002

-0.018468345992181355,22.7
-0.018468345992181355,24.41
-0.018468345992181355,30.580000000000002
-0.018468345992181355,27.28

-0.03777856622395984,28.95
-0.03777856622395984,24.03
-0.03777856622395984,23.37
-0.03777856622395984,27.85

-0.021491171395975797,32.129999999999995
-0.021491171395975797,28.11
-0.021491171395975797,26.34
-0.021491171395975797,25.55

-0.02739598955348573,23.900000000000002
-0.02739598955348573,27.94
-0.02739598955348573,23.46
-0.02739598955348573,23.84

-0.03489135315240601,24.1
-0.03489135315240601,27.94
-0.03489135315240601,24.48
-0.03489135315240601,22.73

-0.043698843409314805,25.37
-0.043698843409314805,26.61
-0.043698843409314805,24.11
-0.043698843409314805,27.78

-0.03017065017302114,25.71
-0.03017065017302114,28.85
-0.03017065017302114,29.77
-0.03017065017302114,23.96

-0.020766415528406808,26.61
-0.020766415528406808,25.060000000000002
-0.020766415528406808,29.77
-0.020766415528406808,26.77

-0.021031597696065593,28.13
-0.021031597696065593,23.26
-0.021031597696065593,26.45
-0.021031597696065593,22.8

-0.017770050968993808,23.1
-0.017770050968993808,24.18
-0.017770050968993808,25.79
-0.017770050968993808,25.17

-0.011744821410972458,29.7
-0.011744821410972458,27.490000000000002
-0.011744821410972458,28.96
-0.011744821410972458,30.01

-0.006108476743588198,33.84
-0.006108476743588198,28.41
-0.006108476743588198,25.51
-0.006108476743588198,26.95

-0.03366155314679839,25.94
-0.03366155314679839,28.67
-0.03366155314679839,29.68
-0.03366155314679839,24.28

-0.029698404748526797,24.31
-0.029698404748526797,26.37
-0.029698404748526797,24.01
-0.029698404748526797,23.68

-0.01681631199051012,24.52
-0.01681631199051012,24.96
-0.01681631199051012,27.07
-0.01681631199051012,25.21

-0.01092510535821229,27.62
-0.01092510535821229,26.89
-0.01092510535821229,20.26
-0.01092510535821229,27.92

-0.008772490509800591,25.330000000000002
-0.008772490509800591,28.75
-0.008772490509800591,29.37
-0.008772490509800591,30.47

0.010433638957844465,23.48
0.010433638957844465,30.47
0.010433638957844465,26.3
0.010433638957844465,26.11

0.03752807569943152,28.310000000000002
0.03752807569943152,28.64
0.03752807569943152,27.060000000000002
0.03752807569943152,25.36

0.04178740612198191,23.37
0.04178740612198191,24.97
0.04178740612198191,27.060000000000002
0.04178740612198191,26.88

0.036160889761600805,26.93
0.036160889761600805,30.91
0.036160889761600805,25.830000000000002
0.036160889761600805,28.11

0.04708620137869132,21.650000000000002
0.04708620137869132,26.3
0.04708620137869132,25.080000000000002
0.04708620137869132,24.38

0.06379830341703922,29.52
0.06379830341703922,28.03
0.06379830341703922,25.11
0.06379830341703922,19.68

0.05949286165712264,28.740000000000002
0.05949286165712264,25.18
0.05949286165712264,25.47
0.05949286165712264,27.79

0.047304480436178575,26.7
0.047304480436178575,25.86
0.047304480436178575,27.82
0.047304480436178575,27.080000000000002

0.03400815414861993,31.29
0.03400815414861993,25.96
0.03400815414861993,31.2
0.03400815414861993,23.66

0.041992895924101825,30.580000000000002
0.041992895924101825,26.6
0.041992895924101825,31.2
0.041992895924101825,26.22

0.03840965282228951,23.75
0.03840965282228951,25.25
0.03840965282228951,25.21
0.03840965282228951,26.22

0.030095553757314937,29.13
0.030095553757314937,25.25
0.030095553757314937,25.13
0.030095553757314937,26.22

0.02009853335099562,28.900000000000002
0.02009853335099562,27.900000000000002
0.02009853335099562,25.11
0.02009853335099562,27.01

0.025240146746986776,28.6
0.025240146746986776,23.02
0.025240146746986776,25.330000000000002
0.025240146746986776,24.79

0.03020447392213991,29.150000000000002
0.03020447392213991,28.86
0.03020447392213991,23.12
0.03020447392213991,20.37

0.022260999903982392,26.16
0.022260999903982392,23.81
0.022260999903982392,25.79
0.022260999903982392,22.87

0.02512136305180693,22.31
0.02512136305180693,30.32
0.02512136305180693,26.25
0.02512136305180693,25.91

0.03394668438834839,29.89
0.03394668438834839,23.98
0.03394668438834839,26.44
0.03394668438834839,30.35

0.02535672112233255,30.14
0.02535672112233255,31.01
0.02535672112233255,25.21
0.02535672112233255,31.330000000000002

0.0335054472423301,24.25
0.0335054472423301,27.95
0.0335054472423301,25.400000000000002
0.0335054472423301,31.330000000000002

0.03645777605389942,26.17
0.03645777605389942,24.31
0.03645777605389942,25.53
0.03645777605389942,28.560000000000002

0.028951295591002988,30.27
0.028951295591002988,24.240000000000002
0.028951295591002988,26.27
0.028951295591002988,28.27

0.024823028714725175,30.6
0.024823028714725175,26.27
0.024823028714725175,26.27
0.024823028714725175,25.41

0.02954788630096772,30.560000000000002
0.02954788630096772,26.0
0.02954788630096772,27.740000000000002
0.02954788630096772,26.63

0.028148895170128876,29.62
0.028148895170128876,25.990000000000002
0.028148895170128876,24.57
0.028148895170128876,22.22

0.010443308078656063,23.59
0.010443308078656063,27.150000000000002
0.010443308078656063,27.18
0.010443308078656063,29.740000000000002

0.020700098148948635,26.88
0.020700098148948635,27.150000000000002
0.020700098148948635,28.6
0.020700098148948635,25.63

0.018628346877250457,28.95
0.018628346877250457,26.27
0.018628346877250457,23.69
0.018628346877250457,21.75

0.02584022463290771,26.51
0.02584022463290771,25.78
0.02584022463290771,26.400000000000002
0.02584022463290771,28.26

0.03744887268165273,26.25
0.03744887268165273,25.78
0.03744887268165273,26.22
0.03744887268165273,21.57

0.04872757482043899,22.7
0.04872757482043899,25.36
0.04872757482043899,26.16
0.04872757482043899,27.71

0.03127639407111804,30.32
0.03127639407111804,24.73
0.03127639407111804,25.88
0.03127639407111804,28.64

0.025101503385746883,28.150000000000002
0.025101503385746883,23.46
0.025101503385746883,26.46
0.025101503385746883,25.04

0.0379064722760413,25.66
0.0379064722760413,25.45
0.0379064722760413,26.47
0.0379064722760413,27.04

0.03255083951998184,23.07
0.03255083951998184,28.89
0.03255083951998184,28.88
0.03255083951998184,31.89

0.03631205551516782,27.44
0.03631205551516782,31.45
0.03631205551516782,30.490000000000002
0.03631205551516782,23.900000000000002

0.060415142204887425,25.94
0.060415142204887425,24.95
0.060415142204887425,23.740000000000002
0.060415142204887425,23.84

0.07101515776756005,28.78
0.07101515776756005,25.150000000000002
0.07101515776756005,28.12
0.07101515776756005,30.04

0.07372154144812285,26.7
0.07372154144812285,25.1
0.07372154144812285,24.51
0.07372154144812285,24.56

0.09422931167186915,26.060000000000002
0.09422931167186915,22.67
0.09422931167186915,31.07
0.09422931167186915,25.41

0.10945528356661659,25.26
0.10945528356661659,24.18
0.10945528356661659,29.310000000000002
0.10945528356661659,22.44

0.10694404350909922,25.490000000000002
0.10694404350909922,29.84
0.10694404350909922,29.01
0.10694404350909922,30.19

0.1108449675444512,23.52
0.1108449675444512,26.87
0.1108449675444512,26.63
0.1108449675444512,24.59

0.11631916456001341,29.45
0.11631916456001341,24.14
0.11631916456001341,25.62
0.11631916456001341,26.21

0.1263135881211033,24.92
0.1263135881211033,30.73
0.1263135881211033,28.51
0.1263135881211033,27.47

0.12866600988938276,25.02
0.12866600988938276,28.57
0.12866600988938276,29.27
0.12866600988938276,24.16

0.11841890414336591,32.730000000000004
0.11841890414336591,23.75
0.11841890414336591,22.18
0.11841890414336591,28.830000000000002

0.12323738827297336,25.2
0.12323738827297336,28.67
0.12323738827297336,27.79
0.12323738827297336,28.830000000000002

0.13575959066718873,27.27
0.13575959066718873,25.43
0.13575959066718873,24.36
0.13575959066718873,27.03

0.14356007815824623,26.0
0.14356007815824623,21.93
0.14356007815824623,30.04
0.14356007815824623,26.0

0.15674481145658456,29.560000000000002
0.15674481145658456,23.3
0.15674481145658456,30.04
0.15674481145658456,26.32

0.14977453232712715,27.66
0.14977453232712715,28.53
0.14977453232712715,23.88
0.14977453232712715,29.71

0.16356175870488307,26.92
0.16356175870488307,27.04
0.16356175870488307,29.75
0.16356175870488307,28.73

0.15416848553269405,23.16
0.15416848553269405,27.41
0.15416848553269405,30.14
0.15416848553269405,26.98

0.17026409327883105,30.91
0.17026409327883105,23.18
0.17026409327883105,29.87
0.17026409327883105,32.21

0.172896858346669,28.27
0.172896858346669,30.580000000000002
0.172896858346669,25.84
0.172896858346669,29.240000000000002

0.17494659625505357,28.1
0.17494659625505357,27.27
0.17494659625505357,33.46
0.17494659625505357,24.080000000000002

0.18161901828862778,26.240000000000002
0.18161901828862778,27.560000000000002
0.18161901828862778,25.35
0.18161901828862778,24.43

0.1767753163486649,27.14
0.1767753163486649,26.51
0.1767753163486649,25.740000000000002
0.1767753163486649,23.93

0.18300199660969285,27.89
0.18300199660969285,29.46
0.18300199660969285,26.400000000000002
0.18300199660969285,23.94

0.17996913170851728,27.02
0.17996913170851728,24.86
0.17996913170851728,26.400000000000002
0.17996913170851728,28.41

0.16443620753028773,25.41
0.16443620753028773,26.82
0.16443620753028773,27.09
0.16443620753028773,27.89

0.16334132981906635,28.75
0.16334132981906635,24.55
0.16334132981906635,33.76
0.16334132981906635,30.67

0.17361090517894945,27.64
0.17361090517894945,26.77
0.17361090517894945,25.8
0.17361090517894945,30.67

0.1775416656845072,20.28
0.1775416656845072,24.23
0.1775416656845072,23.61
0.1775416656845072,26.69

0.19864163554360176,28.93
0.19864163554360176,30.63
0.19864163554360176,26.27
0.19864163554360176,18.64

0.203293768607312,28.93
0.203293768607312,30.75
0.203293768607312,22.79
0.203293768607312,30.13

0.21257891754066563,25.71
0.21257891754066563,28.490000000000002
0.21257891754066563,31.22
0.21257891754066563,20.85

0.21357373792999784,27.73
0.21357373792999784,29.48
0.21357373792999784,31.22
0.21357373792999784,26.04

0.21150971814363143,29.71
0.21150971814363143,31.18
0.21150971814363143,29.650000000000002
0.21150971814363143,28.8

0.22376187400839428,24.3
0.22376187400839428,28.2
0.22376187400839428,29.650000000000002
0.22376187400839428,27.38

0.22847349870029102,26.240000000000002
0.22847349870029102,27.53
0.22847349870029102,25.89
0.22847349870029102,35.52

0.2188204016778574,26.71
0.2188204016778574,22.61
0.2188204016778574,25.47
0.2188204016778574,35.52

0.22430164773941744,23.32
0.22430164773941744,24.06
0.22430164773941744,29.85
0.22430164773941744,27.48

0.2250760779877991,24.67
0.2250760779877991,24.28
0.2250760779877991,21.13
0.2250760779877991,29.75

0.23081958722013726,24.19
0.23081958722013726,24.47
0.23081958722013726,30.36
0.23081958722013726,27.62

0.23203700131763183,25.560000000000002
0.23203700131763183,31.52
0.23203700131763183,25.66
0.23203700131763183,29.11

0.23986640241859722,27.46
0.23986640241859722,25.94
0.23986640241859722,28.44
0.23986640241859722,24.66

0.2491783614231089,26.990000000000002
0.2491783614231089,24.56
0.2491783614231089,27.29
0.2491783614231089,25.5

0.23716962602336902,19.14
0.23716962602336902,28.47
0.23716962602336902,26.810000000000002
0.23716962602336902,26.580000000000002

0.24832850127419942,25.04
0.24832850127419942,23.44
0.24832850127419942,26.02
0.24832850127419942,26.580000000000002

0.25122788147956776,28.34
0.25122788147956776,25.21
0.25122788147956776,29.57
0.25122788147956776,29.52

0.2590407558446589,29.53
0.2590407558446589,25.61
0.2590407558446589,24.27
0.2590407558446589,24.77

0.24219019835339498,23.42
0.24219019835339498,29.560000000000002
0.24219019835339498,28.8
0.24219019835339498,26.310000000000002

0.24329130042621022,28.53
0.24329130042621022,29.71
0.24329130042621022,28.8
0.24329130042621022,29.740000000000002

0.24741556369290685,23.57
0.24741556369290685,19.87
0.24741556369290685,27.650000000000002
0.24741556369290685,29.740000000000002

0.21917117227207225,23.25
0.21917117227207225,30.79
0.21917117227207225,26.57
0.21917117227207225,31.63

0.22054443814217844,23.55
0.22054443814217844,28.2
0.22054443814217844,29.27
0.22054443814217844,31.63

0.20639130788048304,26.43
0.20639130788048304,24.54
0.20639130788048304,26.09
0.20639130788048304,26.3

0.1795082468080585,22.69
0.1795082468080585,24.5
0.1795082468080585,21.48
0.1795082468080585,26.3

0.16647653854030275,26.44
0.16647653854030275,25.63
0.16647653854030275,26.3
0.16647653854030275,25.19

0.1676887960514554,28.44
0.1676887960514554,27.400000000000002
0.1676887960514554,24.19
0.1676887960514554,25.17

0.16818083149961663,30.29
0.16818083149961663,30.580000000000002
0.16818083149961663,26.45
0.16818083149961663,24.39

0.16561982541428452,26.44
0.16561982541428452,27.25
0.16561982541428452,19.46
0.16561982541428452,27.76

0.16777815284040198,26.44
0.16777815284040198,32.04
0.16777815284040198,25.490000000000002
0.16777815284040198,23.67

0.17551396400819427,23.5
0.17551396400819427,28.45
0.17551396400819427,25.97
0.17551396400819427,25.78

0.17875220748000606,26.7
0.17875220748000606,22.740000000000002
0.17875220748000606,22.98
0.17875220748000606,24.48

0.1791106862824808,27.3
0.1791106862824808,21.0
0.1791106862824808,24.12
0.1791106862824808,27.330000000000002

0.1709561148344035,28.47
0.1709561148344035,29.36
0.1709561148344035,25.45
0.1709561148344035,27.12

0.15990253536367652,23.32
0.15990253536367652,24.27
0.15990253536367652,25.91
0.15990253536367652,27.12

-0.004586498272206793,23.78
-0.004586498272206793,25.57
-0.004586498272206793,26.71
-0.004586498272206793,21.77

-0.01776148244826266,23.900000000000002
-0.01776148244826266,24.61
-0.01776148244826266,26.46
-0.01776148244826266,27.52

-0.01164000546515434,27.53
-0.01164000546515434,27.69
-0.01164000546515434,22.44
-0.01164000546515434,26.22

-0.01393304165882982,26.05
-0.01393304165882982,27.7
-0.01393304165882982,26.02
-0.01393304165882982,26.22

-0.029841442666472394,28.48
-0.029841442666472394,25.57
-0.029841442666472394,24.72
-0.029841442666472394,28.75

-0.024651199666166565,24.6
-0.024651199666166565,27.97
-0.024651199666166565,26.84
-0.024651199666166565,23.06

-0.018602690501253252,24.6
-0.018602690501253252,24.23
-0.018602690501253252,26.62
-0.018602690501253252,26.310000000000002

-0.03251842895388145,23.76
-0.03251842895388145,22.650000000000002
-0.03251842895388145,24.8
-0.03251842895388145,23.92

-0.039861875148079116,25.14
-0.039861875148079116,27.810000000000002
-0.039861875148079116,28.54
-0.039861875148079116,22.54

-0.05125436885913722,22.3
-0.05125436885913722,24.89
-0.05125436885913722,23.740000000000002
-0.05125436885913722,27.03

-0.05497123802350373,24.63
-0.05497123802350373,29.830000000000002
-0.05497123802350373,26.96
-0.05497123802350373,25.03

-0.05048887666551553,31.94
-0.05048887666551553,27.37
-0.05048887666551553,23.17
-0.05048887666551553,25.87

-0.045351011874330965,25.98
-0.045351011874330965,25.78
-0.045351011874330965,25.76
-0.045351011874330965,26.19

-0.03709712293335446,25.14
-0.03709712293335446,25.43
-0.03709712293335446,23.240000000000002
-0.03709712293335446,22.27

-0.01935302594584786,21.240000000000002
-0.01935302594584786,30.36
-0.01935302594584786,22.85
-0.01935302594584786,24.09

-0.008545045645169468,30.490000000000002
-0.008545045645169468,30.36
-0.008545045645169468,27.240000000000002
-0.008545045645169468,28.07

-0.013160112918837619,24.89
-0.013160112918837619,27.75
-0.013160112918837619,24.73
-0.013160112918837619,25.85

-0.029479427664056677,28.0
-0.029479427664056677,24.060000000000002
-0.029479427664056677,25.13
-0.029479427664056677,23.92

-0.04358256674346773,24.38
-0.04358256674346773,26.55
-0.04358256674346773,26.59
-0.04358256674346773,25.19

-0.044254615014768864,28.17
-0.044254615014768864,29.54
-0.044254615014768864,26.59
-0.044254615014768864,25.11

-0.04510761361534391,25.02
-0.04510761361534391,22.02
-0.04510761361534391,27.810000000000002
-0.04510761361534391,24.02

-0.03973450457518519,23.21
-0.03973450457518519,21.330000000000002
-0.03973450457518519,26.580000000000002
-0.03973450457518519,29.02

-0.05379162316096824,31.490000000000002
-0.05379162316096824,20.78
-0.05379162316096824,27.85
-0.05379162316096824,30.01

-0.06104332244199484,27.46
-0.06104332244199484,25.36
-0.06104332244199484,24.32
-0.06104332244199484,26.71

-0.06198570367725539,24.82
-0.06198570367725539,26.490000000000002
-0.06198570367725539,25.21
-0.06198570367725539,29.57

-0.04861869261889261,28.14
-0.04861869261889261,28.080000000000002
-0.04861869261889261,25.060000000000002
-0.04861869261889261,29.57

-0.03729204646817803,28.02
-0.03729204646817803,24.91
-0.03729204646817803,23.27
-0.03729204646817803,26.330000000000002

-0.027412078031592617,29.92
-0.027412078031592617,26.61
-0.027412078031592617,24.060000000000002
-0.027412078031592617,24.43

-0.02498441496510228,29.92
-0.02498441496510228,22.67
-0.02498441496510228,22.89
-0.02498441496510228,25.8

-0.010928997248984095,25.8
-0.010928997248984095,30.830000000000002
-0.010928997248984095,28.95
-0.010928997248984095,26.34

-0.01730515379857611,25.29
-0.01730515379857611,22.88
-0.01730515379857611,27.16
-0.01730515379857611,30.92

-0.025331091452270325,29.78
-0.025331091452270325,24.77
-0.025331091452270325,24.310000000000002
-0.025331091452270325,30.92

-0.022023649314646575,27.86
-0.022023649314646575,26.05
-0.022023649314646575,23.92
-0.022023649314646575,25.51

-0.024627546237288467,25.36
-0.024627546237288467,24.07
-0.024627546237288467,24.1
-0.024627546237288467,21.490000000000002

-0.017511591098580963,20.31
-0.017511591098580963,27.02
-0.017511591098580963,26.59
-0.017511591098580963,29.400000000000002

-0.021932419303443914,26.11
-0.021932419303443914,27.02
-0.021932419303443914,23.490000000000002
-0.021932419303443914,24.93

-0.025078196049761404,28.48
-0.025078196049761404,26.57
-0.025078196049761404,28.1
-0.025078196049761404,24.05

-0.01567523559268439,23.490000000000002
-0.01567523559268439,26.57
-0.01567523559268439,29.92
-0.01567523559268439,24.05

-0.011301642468704628,24.810000000000002
-0.011301642468704628,22.32
-0.011301642468704628,24.07
-0.011301642468704628,26.080000000000002

-0.019283666917017585,24.55
-0.019283666917017585,19.330000000000002
-0.019283666917017585,23.7
-0.019283666917017585,28.47

-0.030223961388766797,24.060000000000002
-0.030223961388766797,27.86
-0.030223961388766797,24.09
-0.030223961388766797,24.080000000000002

-0.03486765903926161,24.060000000000002
-0.03486765903926161,26.990000000000002
-0.03486765903926161,23.44
-0.03486765903926161,20.44

-0.025646110122569607,25.73
-0.025646110122569607,25.84
-0.025646110122569607,23.8
-0.025646110122569607,28.07

-0.025407725089528835,26.84
-0.025407725089528835,25.84
-0.025407725089528835,25.11
-0.025407725089528835,23.66

-0.03136443209924178,25.59
-0.03136443209924178,24.11
-0.03136443209924178,28.35
-0.03136443209924178,23.68

-0.045500843986402986,24.98
-0.045500843986402986,23.740000000000002
-0.045500843986402986,25.8
-0.045500843986402986,25.23

-0.043317557668506555,25.18
-0.043317557668506555,24.28
-0.043317557668506555,26.060000000000002
-0.043317557668506555,25.23

-0.04289668217403643,23.95
-0.04289668217403643,25.59
-0.04289668217403643,23.43
-0.04289668217403643,19.11

-0.057127042292695225,24.47
-0.057127042292695225,33.22
-0.057127042292695225,26.240000000000002
-0.057127042292695225,24.25

-0.042399757477954,24.48
-0.042399757477954,33.22
-0.042399757477954,26.98
-0.042399757477954,25.39

-0.04400328899811922,24.27
-0.04400328899811922,33.22
-0.04400328899811922,28.43
-0.04400328899811922,27.7

-0.04407863702779498,22.94
-0.04407863702779498,22.19
-0.04407863702779498,24.61
-0.04407863702779498,26.68

-0.048069187275515006,26.76
-0.048069187275515006,24.990000000000002
-0.048069187275515006,25.71
-0.048069187275515006,26.68

-0.0524268808308402,22.53
-0.0524268808308402,27.38
-0.0524268808308402,26.89
-0.0524268808308402,25.95

-0.048945757463954534,26.94
-0.048945757463954534,25.82
-0.048945757463954534,30.2
-0.048945757463954534,30.02

-0.031431875980203666,25.560000000000002
-0.031431875980203666,26.76
-0.031431875980203666,24.29
-0.031431875980203666,25.19

-0.01786635724566383,24.45
-0.01786635724566383,26.2
-0.01786635724566383,24.330000000000002
-0.01786635724566383,26.91

0.0016039495428962086,24.38
0.0016039495428962086,25.82
0.0016039495428962086,23.11
0.0016039495428962086,22.94

0.005508917064936953,27.2
0.005508917064936953,29.0
0.005508917064936953,23.54
0.005508917064936953,23.400000000000002

0.010032078811107268,27.2
0.010032078811107268,25.6
0.010032078811107268,22.75
0.010032078811107268,24.29

0.004216919972896012,24.59
0.004216919972896012,24.830000000000002
0.004216919972896012,29.26
0.004216919972896012,22.7

-0.0212495669511479,19.330000000000002
-0.0212495669511479,23.26
-0.0212495669511479,26.21
-0.0212495669511479,26.27

-0.020288490009420186,24.71
-0.020288490009420186,26.2
-0.020288490009420186,25.04
-0.020288490009420186,26.82

-0.027767495015786584,24.55
-0.027767495015786584,26.64
-0.027767495015786584,25.45
-0.027767495015786584,26.55

-0.018448670351128592,27.57
-0.018448670351128592,27.53
-0.018448670351128592,28.93
-0.018448670351128592,27.990000000000002

-0.014986115645340513,26.810000000000002
-0.014986115645340513,21.8
-0.014986115645340513,24.810000000000002
-0.014986115645340513,26.11

-0.028165974830510324,24.09
-0.028165974830510324,29.62
-0.028165974830510324,27.38
-0.028165974830510324,24.400000000000002

-0.03985558836314752,26.02
-0.03985558836314752,29.62
-0.03985558836314752,25.650000000000002
-0.03985558836314752,22.63

-0.030149284101624263,26.95
-0.030149284101624263,26.09
-0.030149284101624263,27.75
-0.030149284101624263,22.32

-0.02590098936146898,28.59
-0.02590098936146898,24.64
-0.02590098936146898,25.57
-0.02590098936146898,23.080000000000002

-0.022149553669324536,28.59
-0.022149553669324536,26.23
-0.022149553669324536,20.86
-0.022149553669324536,26.39

-0.02195940920115505,25.810000000000002
-0.02195940920115505,26.69
-0.02195940920115505,22.97
-0.02195940920115505,26.75

-0.030008844230072926,22.580000000000002
-0.030008844230072926,24.84
-0.030008844230072926,23.79
-0.030008844230072926,25.8

-0.026240174922494024,29.01
-0.026240174922494024,23.04
-0.026240174922494024,29.29
-0.026240174922494024,25.8

-0.04104772232719051,28.53
-0.04104772232719051,25.810000000000002
-0.04104772232719051,25.23
-0.04104772232719051,22.39

-0.02958928337574102,28.03
-0.02958928337574102,24.86
-0.02958928337574102,26.5
-0.02958928337574102,25.1

-0.04397362606692558,25.05
-0.04397362606692558,31.060000000000002
-0.04397362606692558,30.13
-0.04397362606692558,29.55

-0.04843442435970381,25.62
-0.04843442435970381,23.18
-0.04843442435970381,29.91
-0.04843442435970381,22.88

-0.034151652592576104,29.17
-0.034151652592576104,17.47
-0.034151652592576104,21.36
-0.034151652592576104,25.12

-0.03825344316759546,24.82
-0.03825344316759546,27.39
-0.03825344316759546,25.560000000000002
-0.03825344316759546,27.43

-0.040394127666924,27.42
-0.040394127666924,20.75
-0.040394127666924,23.64
-0.040394127666924,23.91

-0.03750753675236315,27.38
-0.03750753675236315,24.310000000000002
-0.03750753675236315,25.150000000000002
-0.03750753675236315,26.69

-0.034868792780186196,27.21
-0.034868792780186196,27.12
-0.034868792780186196,26.19
-0.034868792780186196,23.45

-0.030903506425301625,26.8
-0.030903506425301625,27.060000000000002
-0.030903506425301625,22.87
-0.030903506425301625,24.95

-0.032142815667288445,28.060000000000002
-0.032142815667288445,28.97
-0.032142815667288445,29.05
-0.032142815667288445,26.830000000000002

-0.04235373025756075,22.86
-0.04235373025756075,26.38
-0.04235373025756075,21.42
-0.04235373025756075,24.47

-0.04112369203003302,28.75
-0.04112369203003302,26.38
-0.04112369203003302,26.22
-0.04112369203003302,26.35

-0.04207489366911169,27.13
-0.04207489366911169,24.04
-0.04207489366911169,23.330000000000002
-0.04207489366911169,24.51

-0.02259736359381496,25.0
-0.02259736359381496,30.23
-0.02259736359381496,24.810000000000002
-0.02259736359381496,22.900000000000002

-0.02047736380886384,26.810000000000002
-0.02047736380886384,23.21
-0.02047736380886384,23.830000000000002
-0.02047736380886384,22.900000000000002

0.008406192109164904,25.23
0.008406192109164904,24.98
0.008406192109164904,25.7
0.008406192109164904,25.64

-0.0034703786004451165,24.43
-0.0034703786004451165,25.51
-0.0034703786004451165,25.63
-0.0034703786004451165,26.16

-0.002174456760764008,26.86
-0.002174456760764008,27.02
-0.002174456760764008,24.490000000000002
-0.002174456760764008,23.61

-0.011777288622390636,24.32
-0.011777288622390636,27.51
-0.011777288622390636,25.43
-0.011777288622390636,23.61

-0.019611693989070297,23.59
-0.019611693989070297,25.7
-0.019611693989070297,26.86
-0.019611693989070297,24.34

-0.017291803255355346,25.84
-0.017291803255355346,21.94
-0.017291803255355346,20.67
-0.017291803255355346,25.810000000000002

-0.028673937926012548,23.54
-0.028673937926012548,24.71
-0.028673937926012548,24.61
-0.028673937926012548,25.810000000000002

-0.022654855181777473,26.7
-0.022654855181777473,25.060000000000002
-0.022654855181777473,25.5
-0.022654855181777473,28.41

-0.018934368848417635,28.810000000000002
-0.018934368848417635,23.05
-0.018934368848417635,26.01
-0.018934368848417635,27.41

-0.02705266670136245,27.400000000000002
-0.02705266670136245,23.54
-0.02705266670136245,26.650000000000002
-0.02705266670136245,27.41

-0.012743205245034372,26.01
-0.012743205245034372,29.490000000000002
-0.012743205245034372,24.94
-0.012743205245034372,27.150000000000002

0.004689845688765659,30.22
0.004689845688765659,29.490000000000002
0.004689845688765659,23.650000000000002
0.004689845688765659,25.810000000000002

0.006816993774227892,23.31
0.006816993774227892,29.490000000000002
0.006816993774227892,27.29
0.006816993774227892,27.580000000000002

0.008478063013801124,22.8
0.008478063013801124,29.12
0.008478063013801124,27.29
0.008478063013801124,24.7

0.008069536634310363,30.25
0.008069536634310363,22.72
0.008069536634310363,28.86
0.008069536634310363,28.37

0.013159700008846177,23.84
0.013159700008846177,24.42
0.013159700008846177,24.5
0.013159700008846177,25.28

0.01698368785200522,31.16
0.01698368785200522,26.36
0.01698368785200522,31.04
0.01698368785200522,19.53

0.010718646264717656,26.37
0.010718646264717656,25.95
0.010718646264717656,26.48
0.010718646264717656,22.37

0.016062268602904346,28.67
0.016062268602904346,26.310000000000002
0.016062268602904346,23.41
0.016062268602904346,24.87

0.028861377440624288,26.35
0.028861377440624288,24.2
0.028861377440624288,29.71
0.028861377440624288,28.5

0.028298435707003293,22.41
0.028298435707003293,25.11
0.028298435707003293,29.71
0.028298435707003293,26.46

0.01878134385805018,24.98
0.01878134385805018,25.39
0.01878134385805018,26.17
0.01878134385805018,29.25

0.026104565090917513,24.59
0.026104565090917513,26.19
0.026104565090917513,22.29
0.026104565090917513,23.68

0.02593478209614165,27.330000000000002
0.02593478209614165,27.16
0.02593478209614165,28.400000000000002
0.02593478209614165,26.830000000000002

0.02898067189567099,23.02
0.02898067189567099,27.11
0.02898067189567099,23.86
0.02898067189567099,26.830000000000002

0.02204604371031506,22.07
0.02204604371031506,27.2
0.02204604371031506,25.03
0.02204604371031506,26.67

0.013316331843936238,21.14
0.013316331843936238,25.26
0.013316331843936238,23.32
0.013316331843936238,26.86

0.023649077519287427,23.63
0.023649077519287427,25.39
0.023649077519287427,23.96
0.023649077519287427,29.59

0.049098922684456495,24.32
0.049098922684456495,24.69
0.049098922684456495,27.330000000000002
0.049098922684456495,27.16

0.05805399159245534,24.63
0.05805399159245534,28.310000000000002
0.05805399159245534,22.740000000000002
0.05805399159245534,27.310000000000002

0.06164372283095589,21.98
0.06164372283095589,25.51
0.06164372283095589,22.900000000000002
0.06164372283095589,21.61

0.06752022155295032,26.53
0.06752022155295032,29.03
0.06752022155295032,24.32
0.06752022155295032,31.14

0.07553369641136405,24.240000000000002
0.07553369641136405,25.69
0.07553369641136405,27.63
0.07553369641136405,30.1

0.07625620131816875,30.18
0.07625620131816875,27.77
0.07625620131816875,22.46
0.07625620131816875,28.64

0.07190530876803002,30.18
0.07190530876803002,25.22
0.07190530876803002,22.62
0.07190530876803002,29.04

0.07760699271376376,26.78
0.07760699271376376,25.39
0.07760699271376376,29.0
0.07760699271376376,23.19

0.07799104583625294,25.52
0.07799104583625294,27.26
0.07799104583625294,25.61
0.07799104583625294,24.21

0.08395739435228777,25.650000000000002
0.08395739435228777,27.26
0.08395739435228777,28.5
0.08395739435228777,24.12

0.08451891512314753,21.71
0.08451891512314753,29.21
0.08451891512314753,20.87
0.08451891512314753,26.77

0.08025718101855174,23.86
0.08025718101855174,27.51
0.08025718101855174,21.07
0.08025718101855174,30.29

0.06260291104835655,22.35
0.06260291104835655,26.39
0.06260291104835655,25.77
0.06260291104835655,24.09

0.06005813574806326,23.53
0.06005813574806326,26.39
0.06005813574806326,25.77
0.06005813574806326,25.04

0.06053590816651166,25.79
0.06053590816651166,22.38
0.06053590816651166,28.330000000000002
0.06053590816651166,22.55

0.052497534833547924,29.75
0.052497534833547924,25.57
0.052497534833547924,26.34
0.052497534833547924,21.7

0.03861202428235292,24.240000000000002
0.03861202428235292,26.91
0.03861202428235292,28.63
0.03861202428235292,26.96

0.04785286153426097,25.89
0.04785286153426097,23.28
0.04785286153426097,23.96
0.04785286153426097,26.47

0.03513147377542986,29.490000000000002
0.03513147377542986,26.57
0.03513147377542986,24.35
0.03513147377542986,25.79

0.058052187467233486,27.93
0.058052187467233486,30.52
0.058052187467233486,27.71
0.058052187467233486,26.02

0.03984896792697135,22.16
0.03984896792697135,26.54
0.03984896792697135,23.57
0.03984896792697135,27.76

0.034271889091295346,21.66
0.034271889091295346,26.54
0.034271889091295346,28.85
0.034271889091295346,23.13

0.041823021287367,29.76
0.041823021287367,24.44
0.041823021287367,28.85
0.041823021287367,27.55

0.04698312708660754,22.78
0.04698312708660754,24.19
0.04698312708660754,28.03
0.04698312708660754,27.44

0.04669174773170347,29.03
0.04669174773170347,25.98
0.04669174773170347,28.7
0.04669174773170347,23.54

0.0280850809932914,25.48
0.0280850809932914,24.39
0.0280850809932914,26.76
0.0280850809932914,29.36

0.04698951028538004,27.740000000000002
0.04698951028538004,24.55
0.04698951028538004,24.52
0.04698951028538004,29.36

0.045110300511641985,28.76
0.045110300511641985,21.8
0.045110300511641985,27.71
0.045110300511641985,28.5

0.0470373194157163,24.91
0.0470373194157163,24.39
0.0470373194157163,27.71
0.0470373194157163,30.04

0.051871608945572203,26.580000000000002
0.051871608945572203,22.61
0.051871608945572203,28.95
0.051871608945572203,28.080000000000002

0.058204429650099275,26.28
0.058204429650099275,23.53
0.058204429650099275,27.34
0.058204429650099275,25.21

0.08118739148605167,26.63
0.08118739148605167,26.71
0.08118739148605167,27.68
0.08118739148605167,27.330000000000002

0.07951589334521329,24.67
0.07951589334521329,27.77
0.07951589334521329,25.05
0.07951589334521329,27.330000000000002

0.08111877150789804,27.17
0.08111877150789804,31.240000000000002
0.08111877150789804,28.69
0.08111877150789804,29.19

0.08767260009887637,21.150000000000002
0.08767260009887637,31.240000000000002
0.08767260009887637,26.39
0.08767260009887637,23.98

0.09290982319251491,26.98
0.09290982319251491,26.580000000000002
0.09290982319251491,26.650000000000002
0.09290982319251491,26.82

0.08731054225673884,28.01
0.08731054225673884,27.310000000000002
0.08731054225673884,27.35
0.08731054225673884,24.19

0.09525970668705588,26.580000000000002
0.09525970668705588,24.560000000000002
0.09525970668705588,26.150000000000002
0.09525970668705588,28.57

0.1003582128950588,27.11
0.1003582128950588,26.11
0.1003582128950588,23.44
0.1003582128950588,23.54

0.09132362342174997,23.84
0.09132362342174997,19.84
0.09132362342174997,28.01
0.09132362342174997,24.45

0.08097351251160828,23.62
0.08097351251160828,27.8
0.08097351251160828,23.55
0.08097351251160828,24.45

0.07446907373440773,23.61
0.07446907373440773,26.67
0.07446907373440773,24.73
0.07446907373440773,24.25

0.0965484431985296,27.52
0.0965484431985296,26.63
0.0965484431985296,24.740000000000002
0.0965484431985296,20.87

0.08699511461140187,27.94
0.08699511461140187,27.7
0.08699511461140187,26.97
0.08699511461140187,27.61

0.08062486312555123,30.48
0.08062486312555123,22.38
0.08062486312555123,27.88
0.08062486312555123,24.97

0.07363316070263932,28.78
0.07363316070263932,23.650000000000002
0.07363316070263932,21.16
0.07363316070263932,24.88

0.07939545657979814,28.78
0.07939545657979814,29.22
0.07939545657979814,25.91
0.07939545657979814,25.14

0.06812454675292422,29.23
0.06812454675292422,23.41
0.06812454675292422,25.91
0.06812454675292422,25.77

0.07659949215737928,31.02
0.07659949215737928,27.93
0.07659949215737928,28.0
0.07659949215737928,25.23

0.08122052363126295,22.56
0.08122052363126295,26.41
0.08122052363126295,26.93
0.08122052363126295,25.23

0.0808766981675695,23.25
0.0808766981675695,23.82
0.0808766981675695,30.17
0.0808766981675695,24.86

0.09315104602948045,25.580000000000002
0.09315104602948045,23.400000000000002
0.09315104602948045,27.44
0.09315104602948045,23.93

0.08612329913286368,27.87
0.08612329913286368,20.71
0.08612329913286368,27.25
0.08612329913286368,24.84

0.09067755148161727,22.27
0.09067755148161727,24.89
0.09067755148161727,21.3
0.09067755148161727,25.68

0.09828480176144166,22.19
0.09828480176144166,28.830000000000002
0.09828480176144166,26.18
0.09828480176144166,27.88

0.10968141238964027,28.05
0.10968141238964027,26.87
0.10968141238964027,22.41
0.10968141238964027,27.68

0.12421826194480054,26.0
0.12421826194480054,25.67
0.12421826194480054,29.79
0.12421826194480054,22.8

0.11594471605950464,29.59
0.11594471605950464,25.67
0.11594471605950464,27.72
0.11594471605950464,20.5

0.12916337829760163,25.53
0.12916337829760163,24.0
0.12916337829760163,22.330000000000002
0.12916337829760163,27.13

0.1286851174578059,22.78
0.1286851174578059,23.01
0.1286851174578059,24.55
0.1286851174578059,25.63

0.12625625444737407,30.28
0.12625625444737407,24.71
0.12625625444737407,27.490000000000002
0.12625625444737407,25.63

0.14452599756010137,24.02
0.14452599756010137,27.57
0.14452599756010137,28.310000000000002
0.14452599756010137,21.52

0.1318777240704752,24.43
0.1318777240704752,26.46
0.1318777240704752,22.43
0.1318777240704752,26.69

0.1382034368816049,25.12
0.1382034368816049,24.51
0.1382034368816049,32.05
0.1382034368816049,29.27

0.1500615596035149,23.82
0.1500615596035149,27.2
0.1500615596035149,24.47
0.1500615596035149,29.27

0.15459316304197343,28.25
0.15459316304197343,18.21
0.15459316304197343,23.59
0.15459316304197343,22.34

0.1440008065169703,25.94
0.1440008065169703,25.45
0.1440008065169703,24.28
0.1440008065169703,24.47

0.14791686645295646,25.94
0.14791686645295646,25.45
0.14791686645295646,26.75
0.14791686645295646,26.810000000000002

0.16582089427893906,24.45
0.16582089427893906,22.48
0.16582089427893906,26.810000000000002
0.16582089427893906,25.6

0.16621540872466586,22.18
0.16621540872466586,25.71
0.16621540872466586,25.16
0.16621540872466586,21.82

0.17396307392033553,26.48
0.17396307392033553,24.8
0.17396307392033553,27.13
0.17396307392033553,24.54

0.16541492034398522,26.48
0.16541492034398522,17.31
0.16541492034398522,22.990000000000002
0.16541492034398522,24.79

0.15497265851719694,27.02
0.15497265851719694,26.19
0.15497265851719694,28.490000000000002
0.15497265851719694,24.76

0.150698816517324,22.990000000000002
0.150698816517324,26.19
0.150698816517324,22.580000000000002
0.150698816517324,30.970000000000002

0.1481637017467624,26.86
0.1481637017467624,31.16
0.1481637017467624,24.88
0.1481637017467624,22.54

0.1593858896307217,26.8
0.1593858896307217,29.91
0.1593858896307217,22.52
0.1593858896307217,25.96

0.17106717706884197,27.8
0.17106717706884197,23.37
0.17106717706884197,19.69
0.17106717706884197,22.3

0.16161755279574447,24.62
0.16161755279574447,21.98
0.16161755279574447,25.5
0.16161755279574447,27.330000000000002

0.1679527659601917,23.91
0.1679527659601917,27.48
0.1679527659601917,27.46
0.1679527659601917,27.330000000000002

0.17021698226378446,27.5
0.17021698226378446,30.89
0.17021698226378446,20.34
0.17021698226378446,27.330000000000002

0.1774520577428432,27.5
0.1774520577428432,28.55
0.1774520577428432,27.51
0.1774520577428432,27.82

0.16919030733337576,24.810000000000002
0.16919030733337576,28.55
0.16919030733337576,26.79
0.16919030733337576,27.3

6.40167161646327E-4,2559.56
6.40167161646327E-4,2564.86
6.40167161646327E-4,2506.9500000000003
6.40167161646327E-4,2559.2000000000003

0.005682899968397678,2564.7000000000003
0.005682899968397678,2566.9900000000002
0.005682899968397678,2558.02
0.005682899968397678,2527.61

0.006800189447609459,2580.68
0.006800189447609459,2575.11
0.006800189447609459,2533.06
0.006800189447609459,2556.42

0.006628794482550339,2552.88
0.006628794482550339,2534.16
0.006628794482550339,2519.77
0.006628794482550339,2519.1

0.015426773205697537,2548.0
0.015426773205697537,2518.63
0.015426773205697537,2554.55
0.015426773205697537,2528.19

0.015938570635142625,2542.04
0.015938570635142625,2577.28
0.015938570635142625,2544.03
0.015938570635142625,2562.67

0.02859715412339158,2539.7400000000002
0.02859715412339158,2516.2000000000003
0.02859715412339158,2526.94
0.02859715412339158,2575.93

0.05447979215562701,2545.76
0.05447979215562701,2513.64
0.05447979215562701,2569.12
0.05447979215562701,2574.25

0.058759111579356434,2465.7000000000003
0.058759111579356434,2562.4
0.058759111579356434,2562.3
0.058759111579356434,2529.76

0.05951752108225024,2540.52
0.05951752108225024,2529.64
0.05951752108225024,2520.55
0.05951752108225024,2613.92

0.07035464509830575,2528.7200000000003
0.07035464509830575,2551.7000000000003
0.07035464509830575,2580.28
0.07035464509830575,2572.75

0.07064597881889,2555.84
0.07064597881889,2545.52
0.07064597881889,2586.51
0.07064597881889,2557.93

0.08546879010566298,2547.46
0.08546879010566298,2544.6
0.08546879010566298,2597.57
0.08546879010566298,2533.68

0.07304361965451775,2510.8
0.07304361965451775,2519.2200000000003
0.07304361965451775,2546.16
0.07304361965451775,2512.32

0.08015920013533386,2554.84
0.08015920013533386,2574.68
0.08015920013533386,2538.67
0.08015920013533386,2552.7200000000003

0.08147173262305364,2492.3
0.08147173262305364,2567.4900000000002
0.08147173262305364,2595.66
0.08147173262305364,2579.79

0.07573315631615113,2523.69
0.07573315631615113,2545.9700000000003
0.07573315631615113,2519.58
0.07573315631615113,2553.94

0.09129352414868923,2546.87
0.09129352414868923,2518.83
0.09129352414868923,2588.68
0.09129352414868923,2548.96

0.08543936218615453,2545.05
0.08543936218615453,2521.44
0.08543936218615453,2519.2400000000002
0.08543936218615453,2545.2000000000003

0.08776078460859287,2550.92
0.08776078460859287,2503.16
0.08776078460859287,2514.83
0.08776078460859287,2527.41

0.07269452135664868,2547.46
0.07269452135664868,2593.19
0.07269452135664868,2577.69
0.07269452135664868,2573.77

0.07968308297837523,2547.85
0.07968308297837523,2545.28
0.07968308297837523,2532.36
0.07968308297837523,2541.44

0.08754360227765856,2538.61
0.08754360227765856,2567.08
0.08754360227765856,2588.51
0.08754360227765856,2551.44

0.08414858829860257,2561.38
0.08414858829860257,2544.37
0.08414858829860257,2590.4700000000003
0.08414858829860257,2556.79

0.08825059427381653,2525.43
0.08825059427381653,2566.5
0.08825059427381653,2542.2000000000003
0.08825059427381653,2549.88

0.09281944596137175,2552.7400000000002
0.09281944596137175,2620.79
0.09281944596137175,2501.7000000000003
0.09281944596137175,2567.09

0.07355862462399085,2571.53
0.07355862462399085,2587.52
0.07355862462399085,2555.58
0.07355862462399085,2581.7400000000002

0.07623586709233934,2540.2400000000002
0.07623586709233934,2581.7000000000003
0.07623586709233934,2533.98
0.07623586709233934,2587.73

0.0733864535598926,2524.9900000000002
0.0733864535598926,2547.44
0.0733864535598926,2608.71
0.0733864535598926,2558.9500000000003

0.07115213420318257,2531.3
0.07115213420318257,2543.18
0.07115213420318257,2608.71
0.07115213420318257,2526.9900000000002

0.07669018206858505,2565.14
0.07669018206858505,2516.77
0.07669018206858505,2573.14
0.07669018206858505,2575.21

0.08682623982338508,2591.39
0.08682623982338508,2548.4700000000003
0.08682623982338508,2518.12
0.08682623982338508,2567.66

0.08459535417291111,2556.11
0.08459535417291111,2549.83
0.08459535417291111,2596.0
0.08459535417291111,2560.64

0.07401338297673594,2520.21
0.07401338297673594,2559.62
0.07401338297673594,2569.9700000000003
0.07401338297673594,2546.6

0.09306971421314425,2552.96
0.09306971421314425,2530.01
0.09306971421314425,2553.9900000000002
0.09306971421314425,2566.2000000000003

0.08649168916997743,2484.12
0.08649168916997743,2553.79
0.08649168916997743,2564.98
0.08649168916997743,2557.12

0.07773012726302414,2535.19
0.07773012726302414,2513.48
0.07773012726302414,2558.03
0.07773012726302414,2520.18

0.07642636444935544,2576.16
0.07642636444935544,2555.33
0.07642636444935544,2566.96
0.07642636444935544,2526.51

0.07606789168618275,2570.32
0.07606789168618275,2557.87
0.07606789168618275,2583.86
0.07606789168618275,2569.38

0.07707656860512553,2497.41
0.07707656860512553,2537.2200000000003
0.07707656860512553,2520.27
0.07707656860512553,2526.16

0.07848070841118793,2566.94
0.07848070841118793,2550.96
0.07848070841118793,2558.54
0.07848070841118793,2560.4500000000003

0.066471600827926,2518.63
0.066471600827926,2564.38
0.066471600827926,2538.4
0.066471600827926,2576.54

0.06010079346102442,2506.1
0.06010079346102442,2561.03
0.06010079346102442,2535.04
0.06010079346102442,2537.65

0.06180551417116756,2524.57
0.06180551417116756,2512.23
0.06180551417116756,2543.71
0.06180551417116756,2552.15

0.06947018983966091,2546.86
0.06947018983966091,2539.32
0.06947018983966091,2534.59
0.06947018983966091,2530.4700000000003

0.06463650790973355,2638.63
0.06463650790973355,2590.13
0.06463650790973355,2530.8
0.06463650790973355,2594.77

0.05225368371399512,2555.0
0.05225368371399512,2562.19
0.05225368371399512,2526.54
0.05225368371399512,2541.4

0.041191679475203725,2538.85
0.041191679475203725,2572.61
0.041191679475203725,2568.3
0.041191679475203725,2549.59

0.032279224763535244,2522.56
0.032279224763535244,2529.7400000000002
0.032279224763535244,2554.1
0.032279224763535244,2566.9900000000002

0.03575656165000736,2553.4900000000002
0.03575656165000736,2578.8
0.03575656165000736,2544.42
0.03575656165000736,2515.5

0.06129423760856705,2553.53
0.06129423760856705,2543.7200000000003
0.06129423760856705,2546.33
0.06129423760856705,2610.84

0.064311633669965,2511.2400000000002
0.064311633669965,2536.43
0.064311633669965,2551.85
0.064311633669965,2567.56

0.06647494725503351,2537.4
0.06647494725503351,2594.02
0.06647494725503351,2521.53
0.06647494725503351,2556.98

0.05198698388937874,2545.7000000000003
0.05198698388937874,2569.18
0.05198698388937874,2532.71
0.05198698388937874,2614.91

0.057584933277005465,2572.41
0.057584933277005465,2532.69
0.057584933277005465,2532.02
0.057584933277005465,2554.05

0.054736751639972415,2563.18
0.054736751639972415,2563.39
0.054736751639972415,2550.96
0.054736751639972415,2593.48

0.06482720832599274,2586.67
0.06482720832599274,2522.89
0.06482720832599274,2528.08
0.06482720832599274,2565.15

0.06098901465374527,2581.08
0.06098901465374527,2538.46
0.06098901465374527,2506.9500000000003
0.06098901465374527,2526.4700000000003

0.06400721335949393,2564.66
0.06400721335949393,2529.17
0.06400721335949393,2573.83
0.06400721335949393,2510.9

0.05946608088553772,2516.09
0.05946608088553772,2536.2000000000003
0.05946608088553772,2559.77
0.05946608088553772,2520.9900000000002

0.062382716593302356,2551.94
0.062382716593302356,2571.12
0.062382716593302356,2553.83
0.062382716593302356,2538.6

0.07240849406189442,2543.73
0.07240849406189442,2522.5
0.07240849406189442,2528.4700000000003
0.07240849406189442,2579.2200000000003

0.07553564565074676,2557.76
0.07553564565074676,2545.16
0.07553564565074676,2590.91
0.07553564565074676,2558.66

0.08214443315694119,2560.04
0.08214443315694119,2557.11
0.08214443315694119,2542.66
0.08214443315694119,2539.44

0.0943040745370642,2571.29
0.0943040745370642,2530.85
0.0943040745370642,2540.61
0.0943040745370642,2525.57

0.10903721434604538,2551.67
0.10903721434604538,2542.57
0.10903721434604538,2562.17
0.10903721434604538,2525.57

0.10540887256201839,2559.26
0.10540887256201839,2559.1
0.10540887256201839,2548.61
0.10540887256201839,2514.19

0.09376386637275262,2545.81
0.09376386637275262,2548.21
0.09376386637275262,2545.09
0.09376386637275262,2535.2200000000003

0.09556238680788537,2545.89
0.09556238680788537,2547.42
0.09556238680788537,2514.9
0.09556238680788537,2571.28

0.09084998436537782,2522.38
0.09084998436537782,2582.2400000000002
0.09084998436537782,2536.02
0.09084998436537782,2606.58

0.10271232462239442,2561.16
0.10271232462239442,2565.18
0.10271232462239442,2594.26
0.10271232462239442,2570.36

0.09477149394019414,2539.91
0.09477149394019414,2530.01
0.09477149394019414,2558.7400000000002
0.09477149394019414,2570.36

0.09485584919391693,2522.93
0.09485584919391693,2545.7400000000002
0.09485584919391693,2534.6
0.09485584919391693,2556.7400000000002

0.09979762200393769,2553.18
0.09979762200393769,2547.32
0.09979762200393769,2529.9900000000002
0.09979762200393769,2548.35

0.09560647351154447,2533.96
0.09560647351154447,2559.04
0.09560647351154447,2489.08
0.09560647351154447,2537.2000000000003

0.10373496856929393,2497.29
0.10373496856929393,2559.04
0.10373496856929393,2542.33
0.10373496856929393,2572.46

0.11915586349685137,2551.78
0.11915586349685137,2559.2400000000002
0.11915586349685137,2563.78
0.11915586349685137,2550.33

0.1328624313133447,2541.77
0.1328624313133447,2576.92
0.1328624313133447,2567.84
0.1328624313133447,2592.02

0.1364485885797443,2528.41
0.1364485885797443,2522.11
0.1364485885797443,2563.36
0.1364485885797443,2542.18

0.1387705987821183,2523.79
0.1387705987821183,2531.48
0.1387705987821183,2549.37
0.1387705987821183,2546.82

0.15407951507849024,2520.25
0.15407951507849024,2583.35
0.15407951507849024,2518.37
0.15407951507849024,2491.57

0.17077095269316755,2480.33
0.17077095269316755,2552.23
0.17077095269316755,2521.82
0.17077095269316755,2548.98

0.16511299493250592,2562.63
0.16511299493250592,2562.23
0.16511299493250592,2548.48
0.16511299493250592,2520.09

0.14971440072650996,2535.8
0.14971440072650996,2541.15
0.14971440072650996,2544.53
0.14971440072650996,2535.12

0.17258031259320322,2534.4700000000003
0.17258031259320322,2529.01
0.17258031259320322,2538.7000000000003
0.17258031259320322,2478.4900000000002

0.1600554768695053,2561.39
0.1600554768695053,2518.07
0.1600554768695053,2478.76
0.1600554768695053,2555.25

0.15584362855272335,2573.03
0.15584362855272335,2503.19
0.15584362855272335,2556.13
0.15584362855272335,2510.08

0.16648677409898935,2514.03
0.16648677409898935,2582.7000000000003
0.16648677409898935,2528.05
0.16648677409898935,2556.59

0.16801946896383294,2534.4500000000003
0.16801946896383294,2470.4
0.16801946896383294,2548.8
0.16801946896383294,2533.11

0.17619193975517933,2563.77
0.17619193975517933,2563.66
0.17619193975517933,2530.08
0.17619193975517933,2560.52

0.16547060412632958,2538.8
0.16547060412632958,2489.44
0.16547060412632958,2532.17
0.16547060412632958,2566.56

0.18127012685032187,2576.35
0.18127012685032187,2562.94
0.18127012685032187,2516.87
0.18127012685032187,2538.26

0.18169098337327613,2535.26
0.18169098337327613,2541.2400000000002
0.18169098337327613,2546.06
0.18169098337327613,2507.13

0.1720902744723572,2553.03
0.1720902744723572,2479.55
0.1720902744723572,2553.17
0.1720902744723572,2510.63

0.15309901403541626,2521.9700000000003
0.15309901403541626,2526.82
0.15309901403541626,2507.86
0.15309901403541626,2502.18

0.15371637352714573,2559.77
0.15371637352714573,2520.28
0.15371637352714573,2573.52
0.15371637352714573,2573.06

0.15220282280446593,2601.84
0.15220282280446593,2529.92
0.15220282280446593,2542.85
0.15220282280446593,2573.77

0.15138257701363517,2534.03
0.15138257701363517,2556.57
0.15138257701363517,2508.65
0.15138257701363517,2514.48

0.14190315933175368,2555.78
0.14190315933175368,2540.94
0.14190315933175368,2529.8
0.14190315933175368,2570.0

0.1326172037798954,2524.32
0.1326172037798954,2523.9700000000003
0.1326172037798954,2555.87
0.1326172037798954,2501.93

0.13483461326055654,2561.8
0.13483461326055654,2580.46
0.13483461326055654,2504.4700000000003
0.13483461326055654,2571.66

0.1386422913357145,2515.85
0.1386422913357145,2547.23
0.1386422913357145,2530.92
0.1386422913357145,2532.53

0.13347692965985072,2548.64
0.13347692965985072,2539.52
0.13347692965985072,2538.34
0.13347692965985072,2554.48

0.13181424124010796,2555.16
0.13181424124010796,2609.32
0.13181424124010796,2532.13
0.13181424124010796,2528.4

0.1400297270356117,2562.33
0.1400297270356117,2533.9900000000002
0.1400297270356117,2531.64
0.1400297270356117,2483.3

0.149767632745092,2525.59
0.149767632745092,2599.12
0.149767632745092,2499.1
0.149767632745092,2544.68

0.14488125944757382,2523.29
0.14488125944757382,2535.67
0.14488125944757382,2517.0
0.14488125944757382,2528.94

0.15473744169800277,2586.98
0.15473744169800277,2529.96
0.15473744169800277,2555.9500000000003
0.15473744169800277,2486.78

0.1445858838704009,2496.41
0.1445858838704009,2529.68
0.1445858838704009,2569.7200000000003
0.1445858838704009,2532.6

0.13565974754652485,2515.4
0.13565974754652485,2565.78
0.13565974754652485,2580.38
0.13565974754652485,2527.31

0.14135757128148038,2504.87
0.14135757128148038,2561.4900000000002
0.14135757128148038,2506.52
0.14135757128148038,2544.7000000000003

0.13856903816867788,2513.79
0.13856903816867788,2555.37
0.13856903816867788,2521.76
0.13856903816867788,2559.59

0.13670203770037304,2516.35
0.13670203770037304,2512.13
0.13670203770037304,2562.69
0.13670203770037304,2536.38

0.12318914781837352,2545.7200000000003
0.12318914781837352,2575.09
0.12318914781837352,2587.7400000000002
0.12318914781837352,2559.75

0.10561169038105638,2512.57
0.10561169038105638,2600.36
0.10561169038105638,2539.43
0.10561169038105638,2541.64

0.1059845841970992,2577.86
0.1059845841970992,2568.07
0.1059845841970992,2569.7200000000003
0.1059845841970992,2563.48

0.11676798830019376,2537.4500000000003
0.11676798830019376,2570.42
0.11676798830019376,2543.01
0.11676798830019376,2560.56

0.12394004844536664,2484.4900000000002
0.12394004844536664,2580.28
0.12394004844536664,2576.9500000000003
0.12394004844536664,2526.65

0.10688769119780475,2570.87
0.10688769119780475,2531.79
0.10688769119780475,2587.78
0.10688769119780475,2564.2000000000003

0.10971900574666225,2530.03
0.10971900574666225,2523.62
0.10971900574666225,2562.7400000000002
0.10971900574666225,2538.9500000000003

0.12626631632423815,2549.43
0.12626631632423815,2584.59
0.12626631632423815,2555.2000000000003
0.12626631632423815,2552.62

0.10327939311750664,2537.91
0.10327939311750664,2579.54
0.10327939311750664,2577.77
0.10327939311750664,2523.66

0.11372828289630627,2584.44
0.11372828289630627,2478.07
0.11372828289630627,2584.2200000000003
0.11372828289630627,2549.93

0.11433884227890646,2593.65
0.11433884227890646,2536.25
0.11433884227890646,2561.11
0.11433884227890646,2510.09

0.1282253272297442,2545.7200000000003
0.1282253272297442,2520.4700000000003
0.1282253272297442,2552.96
0.1282253272297442,2526.73

0.1255610993814569,2557.43
0.1255610993814569,2517.8
0.1255610993814569,2555.11
0.1255610993814569,2499.28

0.12300316989878936,2557.43
0.12300316989878936,2571.68
0.12300316989878936,2514.4900000000002
0.12300316989878936,2499.28

0.1298114554686179,2526.2200000000003
0.1298114554686179,2541.14
0.1298114554686179,2512.59
0.1298114554686179,2508.77

0.1251311770436774,2520.71
0.1251311770436774,2512.55
0.1251311770436774,2487.51
0.1251311770436774,2509.37

0.13317415203603414,2553.46
0.13317415203603414,2531.71
0.13317415203603414,2520.58
0.13317415203603414,2569.57

0.12903378650689162,2496.88
0.12903378650689162,2526.75
0.12903378650689162,2575.9700000000003
0.12903378650689162,2528.34

0.13156262222253443,2574.67
0.13156262222253443,2543.63
0.13156262222253443,2569.28
0.13156262222253443,2590.18

0.12237473780117605,2534.04
0.12237473780117605,2576.9500000000003
0.12237473780117605,2555.76
0.12237473780117605,2527.54

0.1369547780483938,2553.2400000000002
0.1369547780483938,2554.4
0.1369547780483938,2522.7200000000003
0.1369547780483938,2538.55

0.12341460034564827,2556.38
0.12341460034564827,2509.85
0.12341460034564827,2574.88
0.12341460034564827,2549.9900000000002

0.13201709825248664,2515.89
0.13201709825248664,2539.06
0.13201709825248664,2542.02
0.13201709825248664,2543.25

0.12529211293622267,2561.78
0.12529211293622267,2518.63
0.12529211293622267,2541.55
0.12529211293622267,2553.34

0.12826955584706143,2547.04
0.12826955584706143,2536.6
0.12826955584706143,2566.05
0.12826955584706143,2543.4900000000002

0.13725322050020405,2537.73
0.13725322050020405,2512.31
0.13725322050020405,2531.12
0.13725322050020405,2540.43

0.12927155944372246,2503.53
0.12927155944372246,2568.29
0.12927155944372246,2591.57
0.12927155944372246,2524.5

0.13378793916214182,2545.08
0.13378793916214182,2561.79
0.13378793916214182,2561.53
0.13378793916214182,2581.38

0.12983836995048786,2516.75
0.12983836995048786,2511.12
0.12983836995048786,2580.81
0.12983836995048786,2577.4700000000003

0.13386874545743016,2518.57
0.13386874545743016,2531.39
0.13386874545743016,2562.52
0.13386874545743016,2529.4

0.16090719933436856,2493.85
0.16090719933436856,2544.77
0.16090719933436856,2535.58
0.16090719933436856,2485.66

0.16816574681408575,2521.01
0.16816574681408575,2556.08
0.16816574681408575,2574.7400000000002
0.16816574681408575,2535.51

0.1775700126046779,2546.06
0.1775700126046779,2484.19
0.1775700126046779,2534.13
0.1775700126046779,2504.25

0.17698497207465053,2533.92
0.17698497207465053,2549.35
0.17698497207465053,2542.36
0.17698497207465053,2529.73

0.1753669399615992,2544.69
0.1753669399615992,2520.66
0.1753669399615992,2536.58
0.1753669399615992,2531.55

0.18047868347219556,2541.52
0.18047868347219556,2514.6
0.18047868347219556,2550.19
0.18047868347219556,2594.04

0.16383789236723761,2500.17
0.16383789236723761,2545.56
0.16383789236723761,2524.05
0.16383789236723761,2543.55

0.16452165834015117,2521.19
0.16452165834015117,2547.2000000000003
0.16452165834015117,2544.14
0.16452165834015117,2559.88

0.1548372639169818,2536.19
0.1548372639169818,2528.28
0.1548372639169818,2574.7000000000003
0.1548372639169818,2565.44

0.1482190300521572,2575.21
0.1482190300521572,2558.0
0.1482190300521572,2559.73
0.1482190300521572,2541.89

0.12607656092913194,2565.65
0.12607656092913194,2551.68
0.12607656092913194,2562.9500000000003
0.12607656092913194,2557.46

0.13769613809338765,2565.65
0.13769613809338765,2523.4700000000003
0.13769613809338765,2516.75
0.13769613809338765,2548.17

0.13247367497381013,2555.53
0.13247367497381013,2537.29
0.13247367497381013,2555.35
0.13247367497381013,2575.91

0.14658734554893527,2531.18
0.14658734554893527,2550.09
0.14658734554893527,2579.07
0.14658734554893527,2559.58

0.14025188274106903,2530.87
0.14025188274106903,2583.39
0.14025188274106903,2549.01
0.14025188274106903,2547.88

0.13720248818122752,2530.88
0.13720248818122752,2570.54
0.13720248818122752,2567.91
0.13720248818122752,2550.23

0.12624877232539328,2526.08
0.12624877232539328,2516.94
0.12624877232539328,2521.03
0.12624877232539328,2527.23

0.1377645432425116,2562.29
0.1377645432425116,2582.15
0.1377645432425116,2543.68
0.1377645432425116,2475.9700000000003

0.13587302604425888,2515.01
0.13587302604425888,2540.96
0.13587302604425888,2533.76
0.13587302604425888,2575.56

0.15040898665229568,2537.59
0.15040898665229568,2532.84
0.15040898665229568,2526.66
0.15040898665229568,2550.27

0.14663232449048494,2520.12
0.14663232449048494,2542.85
0.14663232449048494,2527.88
0.14663232449048494,2498.06

0.14172864257862072,2530.64
0.14172864257862072,2528.67
0.14172864257862072,2560.58
0.14172864257862072,2546.37

0.13817150035123563,2521.9
0.13817150035123563,2543.53
0.13817150035123563,2533.7000000000003
0.13817150035123563,2556.78

0.14897203350744634,2581.07
0.14897203350744634,2546.77
0.14897203350744634,2527.67
0.14897203350744634,2520.41

0.16295143256883274,2567.81
0.16295143256883274,2537.17
0.16295143256883274,2541.11
0.16295143256883274,2500.88

0.15169766728418516,2578.25
0.15169766728418516,2509.9
0.15169766728418516,2530.29
0.15169766728418516,2514.87

0.149426746465289,2524.73
0.149426746465289,2524.15
0.149426746465289,2536.32
0.149426746465289,2522.83

0.16042194722751077,2511.9700000000003
0.16042194722751077,2542.4900000000002
0.16042194722751077,2535.43
0.16042194722751077,2561.78

0.14787297585225198,2507.85
0.14787297585225198,2569.91
0.14787297585225198,2550.73
0.14787297585225198,2538.69

0.1475909984227674,2492.51
0.1475909984227674,2548.11
0.1475909984227674,2537.11
0.1475909984227674,2542.44

0.16510614136900206,2524.7400000000002
0.16510614136900206,2541.88
0.16510614136900206,2494.87
0.16510614136900206,2537.57

0.18111111198280105,2517.58
0.18111111198280105,2493.68
0.18111111198280105,2537.08
0.18111111198280105,2506.48

0.1961789152697431,2550.51
0.1961789152697431,2524.56
0.1961789152697431,2523.4900000000002
0.1961789152697431,2544.2000000000003

0.2038919014208406,2540.11
0.2038919014208406,2535.77
0.2038919014208406,2521.05
0.2038919014208406,2550.86

0.19907246211033955,2533.82
0.19907246211033955,2564.34
0.19907246211033955,2518.82
0.19907246211033955,2532.83

0.2236275097389506,2575.13
0.2236275097389506,2508.15
0.2236275097389506,2530.86
0.2236275097389506,2514.17

0.23211436077943196,2538.79
0.23211436077943196,2503.13
0.23211436077943196,2523.19
0.23211436077943196,2523.4900000000002

0.23406114663295835,2537.51
0.23406114663295835,2522.18
0.23406114663295835,2532.96
0.23406114663295835,2513.09

0.23325651266629827,2491.29
0.23325651266629827,2535.8
0.23325651266629827,2511.51
0.23325651266629827,2543.71

0.22647454872131995,2516.02
0.22647454872131995,2494.33
0.22647454872131995,2534.94
0.22647454872131995,2491.4

0.2078469771721362,2581.08
0.2078469771721362,2503.32
0.2078469771721362,2518.88
0.2078469771721362,2478.86

0.2024345778502365,2536.33
0.2024345778502365,2486.11
0.2024345778502365,2565.6
0.2024345778502365,2510.23

0.18785376729578632,2508.84
0.18785376729578632,2542.92
0.18785376729578632,2513.57
0.18785376729578632,2575.27

0.17664373852139387,2555.71
0.17664373852139387,2482.18
0.17664373852139387,2538.2400000000002
0.17664373852139387,2575.27

0.17887885342916657,2522.4
0.17887885342916657,2574.0
0.17887885342916657,2539.81
0.17887885342916657,2561.75

0.16671641991423913,2564.76
0.16671641991423913,2543.14
0.16671641991423913,2496.07
0.16671641991423913,2541.42

0.16972931014288242,2564.76
0.16972931014288242,2580.2400000000002
0.16972931014288242,2510.81
0.16972931014288242,2541.42

0.1886135009803595,2564.83
0.1886135009803595,2556.28
0.1886135009803595,2540.05
0.1886135009803595,2572.75

0.19461462424530745,2526.38
0.19461462424530745,2556.94
0.19461462424530745,2448.43
0.19461462424530745,2507.65

0.20359740278145136,2502.52
0.20359740278145136,2536.51
0.20359740278145136,2558.91
0.20359740278145136,2505.04

0.21161009022599112,2524.07
0.21161009022599112,2533.38
0.21161009022599112,2542.28
0.21161009022599112,2522.39

0.20520692957690265,2582.98
0.20520692957690265,2544.15
0.20520692957690265,2485.34
0.20520692957690265,2524.3

0.20313975678264393,2510.18
0.20313975678264393,2524.62
0.20313975678264393,2524.86
0.20313975678264393,2529.04

0.2018414440631331,2560.89
0.2018414440631331,2563.65
0.2018414440631331,2544.6
0.2018414440631331,2511.57

0.2079516982437475,2509.5
0.2079516982437475,2584.58
0.2079516982437475,2550.25
0.2079516982437475,2472.1

0.20612824368505928,2537.7400000000002
0.20612824368505928,2512.7000000000003
0.20612824368505928,2540.32
0.20612824368505928,2472.1

0.20990228159452368,2520.4500000000003
0.20990228159452368,2513.36
0.20990228159452368,2521.14
0.20990228159452368,2531.58

0.20470740916970867,2565.04
0.20470740916970867,2513.36
0.20470740916970867,2554.2400000000002
0.20470740916970867,2499.2000000000003

